d = 13.73;
A = d^2*pi/4;
q = 21.138/1000.;
dt = 15*60;
h0 = 3;

h0+q/A*dt